s = [2935, 1885, 1097, 2932];
s=s/213;
